16 16
-1.000000 -1.000000 -1.000000 -1.000000 -1.000000 -1.000000 -1.000000 -1.000000 -1.000000 -1.000000 25.079872 -1.000000 -1.000000 48.840333 -1.000000 44.369031
-1.000000 -1.000000 55.938916 -1.000000 54.607606 -1.000000 -1.000000 -1.000000 -1.000000 -1.000000 -1.000000 -1.000000 67.797576 -1.000000 -1.000000 -1.000000
-1.000000 55.938916 -1.000000 -1.000000 53.478616 -1.000000 -1.000000 -1.000000 -1.000000 -1.000000 -1.000000 -1.000000 66.000629 -1.000000 -1.000000 -1.000000
-1.000000 -1.000000 -1.000000 -1.000000 -1.000000 61.375172 56.627812 -1.000000 53.170011 -1.000000 -1.000000 -1.000000 -1.000000 -1.000000 -1.000000 -1.000000
-1.000000 54.607606 53.478616 -1.000000 -1.000000 -1.000000 -1.000000 -1.000000 -1.000000 -1.000000 -1.000000 -1.000000 80.333343 -1.000000 -1.000000 -1.000000
-1.000000 -1.000000 -1.000000 61.375172 -1.000000 -1.000000 19.806248 -1.000000 34.400935 -1.000000 -1.000000 -1.000000 -1.000000 -1.000000 -1.000000 -1.000000
-1.000000 -1.000000 -1.000000 56.627812 -1.000000 19.806248 -1.000000 -1.000000 28.652476 -1.000000 -1.000000 -1.000000 -1.000000 -1.000000 -1.000000 -1.000000
-1.000000 -1.000000 -1.000000 -1.000000 -1.000000 -1.000000 -1.000000 -1.000000 -1.000000 15.297059 -1.000000 8.062258 -1.000000 -1.000000 36.816654 -1.000000
-1.000000 -1.000000 -1.000000 53.170011 -1.000000 34.400935 28.652476 -1.000000 -1.000000 -1.000000 -1.000000 -1.000000 -1.000000 -1.000000 -1.000000 -1.000000
-1.000000 -1.000000 -1.000000 -1.000000 -1.000000 -1.000000 -1.000000 15.297059 -1.000000 -1.000000 -1.000000 22.022716 -1.000000 -1.000000 44.953441 -1.000000
25.079872 -1.000000 -1.000000 -1.000000 -1.000000 -1.000000 -1.000000 -1.000000 -1.000000 -1.000000 -1.000000 -1.000000 -1.000000 16.492423 -1.000000 20.000000
-1.000000 -1.000000 -1.000000 -1.000000 -1.000000 -1.000000 -1.000000 8.062258 -1.000000 22.022716 -1.000000 -1.000000 -1.000000 -1.000000 33.903447 -1.000000
-1.000000 67.797576 66.000629 -1.000000 80.333343 -1.000000 -1.000000 -1.000000 -1.000000 -1.000000 -1.000000 -1.000000 -1.000000 -1.000000 -1.000000 -1.000000
48.840333 -1.000000 -1.000000 -1.000000 -1.000000 -1.000000 -1.000000 -1.000000 -1.000000 -1.000000 16.492423 -1.000000 -1.000000 -1.000000 -1.000000 36.920900
-1.000000 -1.000000 -1.000000 -1.000000 -1.000000 -1.000000 -1.000000 36.816654 -1.000000 44.953441 -1.000000 33.903447 -1.000000 -1.000000 -1.000000 -1.000000
44.369031 -1.000000 -1.000000 -1.000000 -1.000000 -1.000000 -1.000000 -1.000000 -1.000000 -1.000000 20.000000 -1.000000 -1.000000 36.920900 -1.000000 -1.000000
