16 16
-1.000000 -1.000000 -1.000000 35.383612 -1.000000 -1.000000 -1.000000 -1.000000 -1.000000 -1.000000 -1.000000 -1.000000 -1.000000 34.788509 -1.000000 58.633100
-1.000000 -1.000000 52.768437 -1.000000 -1.000000 45.447473 49.163602 -1.000000 -1.000000 -1.000000 -1.000000 -1.000000 -1.000000 -1.000000 -1.000000 -1.000000
-1.000000 52.768437 -1.000000 -1.000000 -1.000000 20.223748 27.083142 -1.000000 -1.000000 -1.000000 -1.000000 -1.000000 -1.000000 -1.000000 -1.000000 -1.000000
35.383612 -1.000000 -1.000000 -1.000000 -1.000000 -1.000000 -1.000000 -1.000000 -1.000000 -1.000000 -1.000000 -1.000000 -1.000000 34.756570 -1.000000 69.208672
-1.000000 -1.000000 -1.000000 -1.000000 -1.000000 -1.000000 -1.000000 50.186773 29.424853 -1.000000 56.083218 -1.000000 -1.000000 -1.000000 -1.000000 -1.000000
-1.000000 45.447473 20.223748 -1.000000 -1.000000 -1.000000 7.211103 -1.000000 -1.000000 -1.000000 -1.000000 -1.000000 -1.000000 -1.000000 -1.000000 -1.000000
-1.000000 49.163602 27.083142 -1.000000 -1.000000 7.211103 -1.000000 -1.000000 -1.000000 -1.000000 -1.000000 -1.000000 -1.000000 -1.000000 -1.000000 -1.000000
-1.000000 -1.000000 -1.000000 -1.000000 50.186773 -1.000000 -1.000000 -1.000000 19.154114 -1.000000 54.269991 -1.000000 -1.000000 -1.000000 -1.000000 -1.000000
-1.000000 -1.000000 -1.000000 -1.000000 29.424853 -1.000000 -1.000000 19.154114 -1.000000 -1.000000 30.074860 -1.000000 -1.000000 -1.000000 -1.000000 -1.000000
-1.000000 -1.000000 -1.000000 -1.000000 -1.000000 -1.000000 -1.000000 -1.000000 -1.000000 -1.000000 -1.000000 46.616715 7.071068 -1.000000 36.681896 -1.000000
-1.000000 -1.000000 -1.000000 -1.000000 56.083218 -1.000000 -1.000000 54.269991 30.074860 -1.000000 -1.000000 -1.000000 -1.000000 -1.000000 -1.000000 -1.000000
-1.000000 -1.000000 -1.000000 -1.000000 -1.000000 -1.000000 -1.000000 -1.000000 -1.000000 46.616715 -1.000000 -1.000000 46.411040 -1.000000 45.225332 -1.000000
-1.000000 -1.000000 -1.000000 -1.000000 -1.000000 -1.000000 -1.000000 -1.000000 -1.000000 7.071068 -1.000000 46.411040 -1.000000 -1.000000 32.542517 -1.000000
34.788509 -1.000000 -1.000000 34.756570 -1.000000 -1.000000 -1.000000 -1.000000 -1.000000 -1.000000 -1.000000 -1.000000 -1.000000 -1.000000 -1.000000 57.955370
-1.000000 -1.000000 -1.000000 -1.000000 -1.000000 -1.000000 -1.000000 -1.000000 -1.000000 36.681896 -1.000000 45.225332 32.542517 -1.000000 -1.000000 -1.000000
58.633100 -1.000000 -1.000000 69.208672 -1.000000 -1.000000 -1.000000 -1.000000 -1.000000 -1.000000 -1.000000 -1.000000 -1.000000 57.955370 -1.000000 -1.000000
